       -0.0000000400893815        0.0000000358808126
      -28.8732862244731230       -0.0000008724121069
      -14.6577381710829471       43.3895496964974043
      -29.0584693142401171       43.2167287683090606
      -36.0366489745023770       21.6135482886620949
      -50.4808382862985496       -7.3744722432402208
      -50.5859026832315024       21.5881966132975371
       -0.1358203773809326       28.7292896751977480
      -21.4983260706612533       -7.3194159498090388
      -43.0700258454450875      -14.5548396888330487
